[ PowerStructure(GrpPerm) |
    PermutationGroup<480 |  
        \[ 1, 34, 3, 169, 162, 6, 7, 8, 28, 10, 166, 167, 13, 14, 159, 16, 140, 174, 19, 20, 21, 48, 23, 158, 171, 26, 27, 9, 58, 30, 31, 182, 33, 2, 52, 36, 37, 43, 39, 40, 41, 42, 38, 187, 45, 46, 47, 22,
        49, 55, 51, 35, 80, 54, 50, 56, 57, 29, 74, 60, 61, 62, 63, 64, 65, 66, 67, 68, 69, 70, 71, 72, 73, 59, 75, 199, 77, 78, 79, 53, 81, 196, 83, 84, 85, 86, 204, 88, 207, 205, 91, 92, 201, 99, 203, 96,
        97, 209, 94, 100, 210, 102, 103, 206, 105, 208, 107, 108, 214, 110, 217, 215, 113, 114, 211, 121, 213, 118, 145, 219, 116, 122, 123, 124, 139, 216, 127, 128, 129, 130, 131, 132, 133, 134, 135, 136, 
        137, 138, 125, 17, 229, 142, 143, 230, 119, 226, 147, 228, 149, 150, 234, 152, 237, 235, 231, 161, 233, 24, 15, 239, 156, 5, 240, 236, 238, 11, 12, 168, 4, 170, 25, 172, 173, 18, 175, 176, 177, 178,
        179, 180, 181, 32, 183, 184, 185, 186, 44, 188, 189, 190, 191, 192, 193, 194, 195, 82, 197, 198, 76, 200, 93, 202, 95, 87, 90, 104, 89, 106, 98, 101, 115, 212, 117, 109, 112, 126, 111, 218, 120, 
        220, 221, 222, 223, 224, 225, 146, 227, 148, 141, 144, 155, 232, 157, 151, 154, 164, 153, 165, 160, 163, 302, 308, 253, 245, 244, 310, 250, 259, 249, 247, 251, 256, 243, 254, 255, 252, 257, 258, 
        248, 260, 261, 262, 317, 264, 316, 266, 267, 320, 321, 270, 271, 318, 319, 274, 275, 276, 286, 323, 279, 282, 322, 280, 326, 284, 327, 277, 324, 288, 325, 290, 332, 330, 296, 329, 334, 293, 337, 
        335, 331, 304, 333, 241, 339, 300, 305, 336, 307, 242, 309, 246, 311, 312, 313, 314, 315, 265, 263, 272, 273, 268, 269, 281, 278, 287, 289, 283, 285, 328, 294, 292, 299, 291, 301, 295, 298, 306, 
        297, 338, 303, 340, 341, 342, 343, 344, 345, 387, 349, 357, 347, 389, 354, 352, 388, 351, 365, 356, 348, 362, 359, 369, 368, 358, 372, 393, 355, 370, 392, 361, 360, 366, 371, 363, 373, 374, 397, 
        376, 396, 401, 379, 380, 398, 382, 383, 384, 385, 386, 346, 353, 350, 390, 391, 367, 364, 394, 395, 377, 375, 381, 399, 400, 378, 402, 403, 404, 443, 444, 415, 409, 408, 445, 413, 412, 411, 414, 
        407, 416, 427, 447, 419, 424, 446, 422, 423, 420, 434, 426, 417, 432, 429, 430, 431, 428, 451, 425, 450, 436, 453, 438, 452, 440, 441, 442, 405, 406, 410, 421, 418, 448, 449, 435, 433, 439, 437, 
        454, 455, 456, 457, 458, 459, 460, 461, 462, 463, 464, 465, 466, 467, 468, 469, 470, 471, 472, 476, 475, 474, 473, 480, 479, 478, 477 ],
        \[ 270, 443, 326, 71, 459, 172, 306, 260, 415, 324, 194, 460, 19, 303, 396, 90, 307, 68, 13, 329, 21, 397, 95, 305, 193, 330, 27, 407, 419, 413, 292, 32, 33, 405, 414, 266, 445, 38, 39, 203, 285, 
        376, 43, 309, 45, 205, 289, 375, 374, 249, 51, 416, 53, 240, 312, 94, 113, 412, 59, 165, 207, 92, 325, 421, 166, 89, 335, 18, 327, 418, 4, 301, 171, 74, 75, 436, 333, 462, 433, 80, 81, 438, 464, 
        435, 447, 190, 204, 467, 66, 16, 446, 62, 201, 56, 23, 96, 112, 347, 192, 141, 223, 102, 117, 387, 146, 134, 188, 472, 466, 226, 111, 97, 57, 470, 463, 116, 103, 213, 315, 216, 121, 475, 220, 215, 
        314, 219, 473, 218, 471, 283, 224, 476, 304, 106, 469, 221, 297, 210, 261, 338, 100, 337, 286, 359, 258, 105, 282, 391, 287, 257, 234, 280, 153, 441, 231, 156, 442, 340, 377, 263, 161, 458, 189, 
        316, 60, 65, 457, 339, 191, 336, 73, 6, 173, 195, 175, 410, 294, 178, 411, 180, 399, 182, 183, 379, 185, 238, 254, 107, 163, 86, 169, 99, 25, 11, 174, 440, 298, 450, 454, 451, 93, 468, 40, 87, 46, 
        346, 61, 225, 349, 138, 465, 229, 118, 461, 124, 120, 217, 128, 126, 123, 136, 474, 101, 131, 208, 110, 300, 356, 212, 390, 155, 277, 455, 151, 456, 265, 237, 186, 317, 54, 243, 308, 241, 245, 244, 
        267, 276, 259, 50, 271, 313, 256, 302, 187, 311, 252, 150, 145, 248, 8, 139, 275, 160, 274, 236, 36, 246, 320, 284, 1, 250, 318, 288, 264, 262, 247, 232, 367, 310, 152, 393, 147, 130, 269, 41, 143, 
        149, 273, 47, 319, 332, 31, 296, 177, 334, 293, 137, 197, 331, 227, 72, 253, 14, 133, 24, 7, 17, 242, 44, 279, 255, 55, 251, 125, 119, 164, 239, 272, 290, 268, 328, 364, 392, 10, 63, 3, 69, 321, 20,
        26, 299, 291, 77, 295, 67, 170, 142, 140, 168, 158, 344, 352, 386, 341, 383, 206, 98, 348, 209, 371, 351, 342, 373, 354, 406, 228, 357, 408, 144, 426, 429, 409, 372, 322, 444, 370, 278, 448, 449, 
        366, 350, 363, 353, 49, 48, 42, 159, 401, 184, 402, 398, 400, 345, 404, 403, 343, 104, 394, 395, 230, 148, 323, 281, 388, 389, 15, 22, 381, 181, 382, 378, 380, 385, 384, 34, 355, 28, 358, 362, 176, 
        179, 58, 30, 35, 9, 52, 417, 70, 29, 420, 64, 431, 430, 424, 425, 360, 427, 428, 361, 423, 422, 432, 79, 434, 84, 76, 437, 82, 439, 196, 154, 157, 2, 365, 37, 91, 85, 368, 369, 198, 200, 452, 453, 
        199, 233, 235, 167, 162, 5, 12, 214, 78, 115, 83, 211, 109, 88, 202, 135, 114, 129, 108, 127, 222, 122, 132, 480, 479, 478, 477 ]:
         Order := 8 >,
    PermutationGroup<480 |  
        \[ 150, 2, 3, 169, 162, 172, 7, 36, 9, 10, 166, 167, 19, 14, 159, 46, 140, 174, 13, 177, 175, 48, 40, 158, 171, 31, 173, 28, 29, 30, 26, 182, 33, 34, 35, 8, 37, 43, 39, 23, 69, 42, 38, 44, 45, 16, 
        63, 22, 49, 50, 51, 52, 53, 189, 55, 192, 190, 58, 59, 186, 66, 188, 47, 91, 194, 61, 197, 195, 41, 85, 191, 77, 193, 74, 102, 76, 72, 202, 200, 80, 96, 82, 88, 198, 70, 113, 204, 83, 207, 205, 64, 
        107, 201, 99, 203, 81, 97, 209, 94, 212, 101, 75, 103, 206, 110, 106, 92, 135, 109, 105, 111, 112, 86, 129, 115, 116, 117, 118, 145, 120, 121, 122, 220, 124, 139, 126, 127, 218, 114, 130, 224, 132, 
        133, 134, 108, 221, 137, 138, 125, 17, 229, 142, 143, 230, 119, 226, 147, 228, 149, 1, 234, 152, 237, 154, 231, 161, 157, 24, 15, 239, 156, 5, 240, 236, 238, 11, 12, 168, 4, 170, 25, 6, 27, 18, 21, 
        176, 20, 178, 179, 180, 181, 32, 183, 184, 185, 60, 187, 62, 54, 57, 71, 56, 73, 65, 68, 196, 67, 84, 199, 79, 93, 78, 95, 87, 90, 104, 89, 208, 98, 210, 211, 100, 213, 214, 215, 216, 217, 128, 219,
        123, 136, 222, 223, 131, 225, 146, 227, 148, 141, 144, 155, 232, 233, 151, 235, 164, 153, 165, 160, 163, 241, 308, 243, 245, 244, 246, 247, 259, 249, 250, 251, 256, 253, 254, 255, 252, 270, 315, 
        248, 266, 314, 262, 317, 264, 316, 260, 267, 268, 321, 257, 271, 272, 319, 274, 275, 276, 277, 323, 279, 280, 322, 282, 283, 328, 327, 286, 287, 290, 325, 288, 332, 330, 296, 329, 295, 293, 297, 
        335, 299, 300, 333, 302, 303, 304, 340, 306, 338, 242, 309, 310, 311, 312, 313, 261, 258, 265, 263, 318, 273, 320, 269, 281, 278, 324, 289, 326, 285, 284, 294, 292, 331, 291, 301, 334, 298, 336, 
        337, 307, 339, 305, 341, 342, 343, 344, 345, 387, 349, 348, 347, 350, 351, 352, 353, 354, 355, 391, 357, 358, 390, 360, 361, 362, 372, 393, 365, 370, 392, 368, 369, 366, 371, 363, 373, 374, 397, 
        376, 396, 378, 379, 402, 381, 400, 383, 404, 403, 386, 346, 388, 389, 359, 356, 367, 364, 394, 395, 377, 375, 398, 399, 382, 401, 380, 385, 384, 405, 406, 407, 408, 409, 410, 411, 412, 413, 414, 
        415, 416, 417, 447, 419, 420, 446, 431, 430, 424, 425, 426, 427, 428, 429, 423, 422, 432, 451, 434, 450, 436, 437, 438, 439, 440, 441, 442, 443, 444, 445, 421, 418, 448, 449, 435, 433, 452, 453, 
        454, 455, 456, 460, 459, 458, 457, 461, 468, 463, 467, 465, 466, 464, 462, 472, 471, 470, 469, 473, 474, 475, 476, 477, 478, 479, 480 ],
        \[ 270, 28, 212, 211, 337, 19, 66, 266, 34, 105, 214, 304, 172, 192, 48, 440, 52, 369, 6, 456, 102, 159, 436, 58, 368, 455, 96, 2, 158, 261, 442, 156, 39, 9, 140, 260, 315, 237, 33, 454, 373, 379, 
        153, 301, 183, 438, 395, 15, 374, 335, 185, 17, 59, 97, 298, 168, 190, 24, 53, 103, 170, 188, 371, 132, 463, 7, 309, 448, 394, 222, 466, 312, 449, 80, 175, 90, 249, 83, 152, 74, 173, 95, 78, 232, 
        122, 113, 93, 202, 339, 76, 127, 107, 87, 336, 82, 27, 54, 347, 306, 130, 319, 21, 60, 346, 10, 321, 92, 129, 166, 149, 116, 165, 86, 135, 169, 111, 163, 186, 413, 243, 217, 85, 218, 189, 445, 241, 
        91, 220, 108, 100, 221, 64, 459, 288, 114, 224, 460, 284, 410, 35, 324, 457, 198, 250, 411, 326, 200, 246, 110, 257, 231, 79, 43, 330, 234, 32, 294, 29, 22, 317, 182, 297, 117, 316, 112, 109, 300, 
        56, 115, 61, 361, 13, 81, 360, 75, 258, 441, 180, 314, 178, 399, 161, 45, 376, 51, 118, 333, 62, 124, 57, 461, 14, 426, 465, 429, 203, 254, 143, 205, 147, 204, 88, 196, 201, 199, 387, 303, 269, 349,
        273, 4, 3, 240, 11, 238, 302, 121, 123, 253, 128, 131, 70, 328, 136, 290, 283, 458, 310, 287, 247, 151, 84, 329, 155, 292, 265, 38, 215, 263, 213, 126, 244, 120, 242, 308, 148, 230, 256, 77, 144, 
        262, 259, 219, 197, 264, 248, 150, 176, 252, 36, 30, 251, 239, 255, 236, 8, 390, 480, 208, 1, 391, 479, 210, 311, 313, 356, 451, 393, 359, 435, 392, 450, 226, 138, 389, 433, 229, 134, 388, 225, 296,
        235, 332, 157, 378, 291, 162, 55, 381, 167, 44, 216, 207, 12, 416, 99, 419, 245, 67, 228, 274, 72, 275, 179, 37, 164, 160, 478, 101, 477, 106, 367, 364, 141, 353, 146, 350, 223, 233, 154, 398, 293, 
        187, 401, 50, 94, 5, 412, 89, 414, 352, 345, 383, 386, 342, 104, 98, 351, 209, 327, 348, 341, 325, 357, 444, 276, 354, 408, 279, 174, 171, 409, 370, 323, 406, 372, 322, 25, 18, 363, 63, 366, 41, 49,
        377, 184, 375, 295, 42, 400, 299, 402, 343, 385, 384, 344, 206, 289, 285, 267, 271, 281, 278, 69, 47, 397, 396, 331, 181, 380, 334, 382, 404, 403, 407, 365, 405, 358, 362, 139, 145, 338, 119, 340, 
        443, 305, 420, 476, 307, 417, 475, 430, 431, 427, 428, 193, 424, 425, 195, 422, 423, 434, 286, 432, 280, 23, 439, 46, 437, 16, 177, 31, 415, 355, 125, 474, 473, 68, 73, 282, 277, 453, 452, 40, 26, 
        20, 142, 227, 133, 137, 191, 467, 65, 468, 194, 71, 462, 464, 471, 472, 469, 470, 447, 446, 421, 418, 320, 318, 272, 268 ]:
         Order := 8 >,
    PermutationGroup<480 |  
        \[ 1, 43, 142, 473, 117, 467, 170, 36, 182, 227, 474, 112, 468, 168, 406, 193, 410, 353, 462, 20, 21, 409, 195, 411, 389, 26, 173, 32, 435, 30, 31, 28, 33, 38, 451, 8, 37, 34, 178, 68, 41, 264, 2, 
        203, 185, 73, 63, 408, 262, 205, 183, 433, 98, 356, 90, 191, 385, 450, 206, 359, 65, 404, 47, 91, 61, 194, 67, 40, 69, 85, 192, 77, 46, 104, 102, 289, 72, 128, 315, 209, 96, 285, 123, 314, 70, 136, 
        477, 220, 106, 55, 64, 224, 478, 210, 187, 81, 118, 53, 101, 105, 99, 75, 124, 74, 100, 89, 131, 402, 319, 212, 164, 12, 221, 400, 269, 239, 5, 97, 154, 332, 160, 225, 83, 103, 233, 293, 223, 78, 
        382, 137, 107, 138, 149, 222, 380, 86, 130, 132, 157, 445, 250, 3, 143, 304, 235, 310, 147, 297, 133, 150, 299, 152, 443, 119, 334, 407, 139, 413, 444, 121, 415, 213, 283, 111, 287, 475, 215, 14, 
        476, 7, 350, 464, 27, 388, 175, 176, 177, 39, 179, 180, 275, 9, 51, 274, 45, 390, 95, 384, 391, 403, 56, 71, 16, 66, 23, 327, 197, 261, 325, 258, 479, 218, 44, 480, 50, 59, 208, 207, 80, 94, 321, 
        110, 162, 273, 167, 296, 236, 202, 291, 88, 113, 134, 127, 92, 122, 246, 10, 337, 247, 300, 295, 232, 125, 331, 145, 217, 405, 324, 116, 326, 244, 253, 308, 241, 302, 226, 229, 318, 371, 141, 399, 
        320, 242, 394, 379, 268, 270, 200, 272, 266, 198, 49, 434, 42, 432, 260, 276, 256, 115, 257, 279, 259, 214, 184, 181, 267, 294, 439, 271, 292, 437, 330, 163, 328, 82, 329, 165, 290, 76, 288, 219, 
        280, 126, 277, 231, 216, 148, 369, 151, 230, 368, 245, 447, 144, 305, 446, 307, 243, 373, 146, 376, 395, 374, 84, 79, 428, 425, 248, 109, 252, 211, 453, 452, 238, 199, 240, 196, 284, 286, 282, 234, 
        120, 361, 155, 360, 421, 228, 338, 418, 340, 341, 386, 352, 345, 344, 348, 351, 346, 354, 171, 347, 343, 18, 349, 377, 54, 387, 375, 60, 335, 333, 397, 401, 417, 396, 398, 424, 301, 298, 381, 249, 
        378, 309, 313, 358, 311, 355, 372, 255, 135, 370, 129, 383, 188, 57, 342, 357, 174, 25, 186, 189, 420, 427, 254, 312, 365, 362, 366, 251, 114, 363, 108, 190, 62, 237, 15, 156, 48, 22, 17, 24, 442, 
        158, 456, 161, 441, 364, 339, 455, 392, 336, 471, 469, 367, 317, 426, 393, 316, 448, 472, 470, 265, 52, 263, 29, 454, 281, 438, 278, 440, 416, 412, 153, 159, 140, 306, 303, 429, 449, 58, 35, 323, 
        322, 436, 419, 414, 459, 460, 457, 458, 466, 19, 465, 172, 463, 461, 6, 13, 423, 431, 422, 430, 4, 11, 166, 169, 87, 93, 201, 204 ],
        \[ 1, 38, 133, 58, 215, 114, 37, 36, 32, 142, 35, 117, 108, 179, 444, 68, 306, 350, 135, 288, 21, 408, 193, 339, 353, 284, 173, 182, 169, 168, 328, 9, 180, 43, 11, 8, 7, 2, 39, 73, 63, 264, 34, 205,
        183, 195, 69, 409, 262, 95, 185, 166, 236, 390, 203, 84, 385, 4, 160, 356, 79, 404, 41, 338, 258, 200, 72, 16, 47, 305, 314, 67, 40, 239, 102, 327, 197, 423, 61, 164, 96, 289, 422, 56, 340, 136, 
        401, 431, 154, 187, 307, 224, 381, 157, 50, 81, 124, 217, 233, 212, 139, 75, 103, 116, 105, 145, 131, 13, 294, 110, 209, 162, 221, 6, 330, 104, 12, 118, 208, 291, 206, 441, 471, 97, 210, 296, 442, 
        469, 172, 227, 107, 455, 3, 416, 19, 86, 149, 412, 101, 336, 310, 10, 466, 337, 106, 247, 465, 304, 137, 150, 318, 463, 405, 89, 320, 415, 94, 303, 406, 59, 407, 112, 324, 80, 283, 52, 213, 30, 29, 
        176, 388, 129, 27, 389, 175, 170, 290, 178, 14, 33, 275, 28, 45, 274, 51, 391, 90, 384, 359, 403, 261, 198, 23, 315, 46, 325, 77, 192, 285, 66, 398, 430, 55, 378, 44, 121, 235, 119, 111, 125, 292, 
        100, 167, 329, 5, 293, 98, 472, 332, 470, 113, 456, 419, 92, 414, 250, 130, 300, 246, 297, 268, 461, 99, 272, 207, 53, 443, 326, 74, 287, 245, 243, 242, 302, 241, 229, 146, 299, 373, 226, 399, 334, 
        308, 371, 379, 295, 270, 65, 331, 266, 191, 49, 348, 42, 351, 260, 279, 231, 280, 257, 271, 234, 277, 184, 181, 276, 273, 452, 267, 269, 453, 321, 165, 26, 199, 319, 240, 20, 82, 177, 120, 211, 216,
        109, 256, 126, 230, 361, 248, 228, 369, 244, 158, 148, 70, 17, 91, 253, 395, 141, 376, 394, 374, 71, 194, 354, 357, 151, 286, 155, 282, 437, 439, 163, 196, 238, 76, 31, 214, 115, 259, 219, 360, 252,
        368, 140, 144, 64, 24, 85, 341, 386, 352, 345, 344, 434, 432, 263, 428, 18, 265, 343, 25, 316, 396, 60, 317, 397, 189, 333, 298, 375, 477, 427, 377, 479, 420, 335, 301, 478, 254, 480, 249, 313, 362,
        311, 365, 204, 255, 462, 93, 464, 383, 188, 57, 342, 425, 171, 174, 54, 186, 424, 417, 312, 309, 355, 358, 201, 251, 467, 87, 468, 190, 62, 153, 159, 161, 22, 48, 421, 447, 138, 418, 225, 156, 134, 
        393, 413, 223, 367, 410, 83, 78, 392, 387, 429, 364, 349, 426, 202, 88, 347, 474, 346, 473, 438, 322, 436, 323, 454, 122, 127, 237, 15, 446, 445, 411, 449, 448, 476, 475, 278, 281, 440, 132, 222, 
        457, 459, 458, 460, 232, 380, 152, 382, 147, 143, 400, 402, 128, 220, 123, 218, 435, 433, 451, 450, 363, 370, 366, 372 ]:
         Order := 8 >
]
